---
/kitti/online_fgo:
  ros__parameters:
    GNSSFGO:
      VehicleParameterPrefix: "KITTI"

    KITTI:
      VehicleParameters:
        baseFrame: "imu"
        sensors: [ "imu", "reference", "gps", "lidar", "cam_gray_left", "cam_gray_right", "cam_rgb_left", "cam_rgb_right" ]
        imu:
          preRotate: [ 1., 0., 0., 0., 1., 0., 0., 0., 1. ]

        reference:
          transFromBase: [ 0., 0., 0. ]
          rotFromBase: [ 1., 0., 0., 0., 1., 0., 0., 0., 1. ]

        gps:
          transFromBase: [ 0., 0., 0. ]
          rotFromBase: [ 1., 0., 0., 0., 1., 0., 0., 0., 1. ]

        lidar:
          transFromBase: [ 0.81, -0.32, 0.8 ]
          rotFromBase: [ 1., 0., 0., 0., 1., 0., 0., 0., 1. ]

        cam_gray_left:
          transFromBase: [ 1.094437707912922, -0.823576169565048, 0.251427843350583 ]
          rotFromBase: [ 4.276794277302599e-04, -0.007210626730324, 0.999973958682823,
                         -0.999967208515149, 0.008081198609158, 4.859494196790581e-04,
                         -0.008084491740438,  -0.999941381203554, -0.007206934608082 ]

        cam_gray_right:
          transFromBase: [ 1.094668654803896, -1.363558462163229, 0.247062217810746 ]
          rotFromBase: [ 4.276794277302599e-04, -0.007210626730324, 0.999973958682823,
                         -0.999967208515149, 0.008081198609158, 4.859494196790581e-04,
                         -0.008084491740438,  -0.999941381203554, -0.007206934608082 ]

        cam_rgb_left:
          transFromBase: [ 1.094412047147258, -0.763578137054139, 0.251912912855009 ]
          rotFromBase: [ 4.276794277302599e-04, -0.007210626730324, 0.999973958682823,
                         -0.999967208515149, 0.008081198609158, 4.859494196790581e-04,
                         -0.008084491740438,  -0.999941381203554, -0.007206934608082 ]

        cam_rgb_right:
          transFromBase: [ 1.094642994038232, -1.303560429652320, 0.247547287315172 ]
          rotFromBase: [ 4.276794277302599e-04, -0.007210626730324, 0.999973958682823,
                         -0.999967208515149, 0.008081198609158, 4.859494196790581e-04,
                         -0.008084491740438,  -0.999941381203554, -0.007206934608082 ]
