%YAML 1.2
---
camera:
  left_camera:
    fx: 1814.5061420730431
    fy: 1814.5061420730431
    cx: 1026.1977130691339
    cy: 524.7984412358129
    distortion: [-0.082292808267338341, 0.1036602731851739, -0.0034940032414059268, 0.00084014002308057311, 0.093700291321559645]

    height: 1080
    width: 2048

    # pose bring point from left camera to base q_bc & t_bc
    qw: 0.4994824732081517
    qx: 0.50451874772890937
    qy: 0.49271166335600353
    qz: 0.50320304941532457

    tx: 5.0362549728344614
    ty: -0.44101021275849878
    tz: -1.771000242852925

  right_camera:
    fx: 1812.26306845315
    fy: 1812.26306845315
    cx: 1041.300936202379
    cy: 519.07223080294409
    distortion: [-0.080226526918819735, 0.093063204690196202, -0.0029454095837901139, 0.0011427467119549529, 0.1167562399019816]

    height: 1080
    width: 2048

    # pose bring point from right camera to base q_bc & t_bc
    qw: 0.50391530412008612
    qx: 0.49957151499897112
    qy: 0.49321077340205338
    qz: 0.50323036541463029

    tx: 5.0100574394498949
    ty: 0.40231815989499159
    tz: -1.7616651319571297

resize_image:
  enable: 1
  height: 360
  width: 640

base_transform:
    # normally, this is static and bring point from base(odom) to world
    qw: 0
    qx: -0.7071068
    qy: 0.7071068
    qz: 0

    tx: 0
    ty: 0
    tz: 0
  
