%YAML 1.2
---
camera:
  left_camera:
    fx: 1814.5061420730431
    fy: 1814.5061420730431
    cx: 1026.1977130691339
    cy: 524.7984412358129
    distortion: [-0.082292808267338341, 0.1036602731851739, -0.0034940032414059268, 0.00084014002308057311, 0.093700291321559645]

    height: 1080
    width: 2048

    # pose bring point from left camera to base q_bc & t_bc
    qw: 0.50265468456806928
    qx: 0.50706400510163241
    qy: 0.48825474310758404
    qz: 0.50182832586952864

    tx: 4.9654692069314414
    ty: -0.37120398008980376
    tz: -1.7782174729825335

  right_camera:
    fx: 1812.26306845315
    fy: 1812.26306845315
    cx: 1041.300936202379
    cy: 519.07223080294409
    distortion: [-0.080226526918819735, 0.093063204690196202, -0.0029454095837901139, 0.0011427467119549529, 0.1167562399019816]

    height: 1080
    width: 2048

    # pose bring point from right camera to base q_bc & t_bc
    qw: 0.5063821483779124
    qx: 0.50177257555434274
    qy: 0.4895244000297953
    qz: 0.50216258721772566

    tx: 5.0569108031647287
    ty: 0.46791197097247561
    tz: -1.7634434537597872

resize_image:
  enable: 1
  height: 360
  width: 640

base_transform:
    # normally, this is static and bring point from base(odom) to world
    qw: 0
    qx: -0.7071068
    qy: 0.7071068
    qz: 0

    tx: 0
    ty: 0
    tz: 0
  
